#TITLE:Bad Apple!! feat.nomico;
#SUBTITLE:(Camellia's "Bad Psy!!" Remix);
#ARTIST:Alstroemeria Records;
#TITLETRANSLIT:;
#SUBTITLETRANSLIT:;
#ARTISTTRANSLIT:;
#GENRE:;
#CREDIT:;
#BANNER:ba-bn.png;
#BACKGROUND:ba-bg.png;
#LYRICSPATH:;
#CDTITLE:;
#MUSIC:bad apple camellia.ogg;
#OFFSET:0.009000;
#SAMPLESTART:174.181824;
#SAMPLELENGTH:12.000000;
#SELECTABLE:YES;
#BPMS:0.000000=165.000000
;
#STOPS:
;
#BGCHANGES:;
#KEYSOUNDS:;
#ATTACKS:;

//---------------dance-single - ----------------
#NOTES:
     dance-single:
     :
     Challenge:
     14:
     1.166031,1.441930,0.295249,0.666692,1.681016,1714.000000,1652.000000,62.000000,140.000000,0.000000,4.000000,1.166031,1.441930,0.295249,0.666692,1.681016,1714.000000,1652.000000,62.000000,140.000000,0.000000,4.000000:
  // measure 0
0000
0000
0000
0000
,  // measure 1
0000
0000
0000
0000
,  // measure 2
0000
0000
0000
0000
,  // measure 3
0000
0000
0000
0000
,  // measure 4
0000
0000
0000
0000
,  // measure 5
0000
0000
0000
0000
,  // measure 6
0000
0000
0000
0000
,  // measure 7
0000
0000
0000
0000
,  // measure 8
1000
0100
0010
0001
1000
0000
0010
0100
,  // measure 9
0001
0000
1000
0000
0001
0100
0010
0100
,  // measure 10
0001
0010
0100
1000
0001
0000
1000
0001
,  // measure 11
1000
0100
0001
0010
1000
0100
0001
0010
,  // measure 12
0001
0100
0010
1000
0001
0000
0010
0100
,  // measure 13
1000
0000
0001
0000
1000
0100
0010
0100
,  // measure 14
1000
0010
0100
0001
0010
0000
0100
1000
,  // measure 15
0001
0100
0010
1000
,  // measure 16
0001
0000
0000
0000
0000
0000
0000
0000
0000
0000
0000
0000
0010
0000
0000
0000
0000
0000
0100
0000
0000
0000
0000
0000
1000
0000
0000
0001
0000
0000
1000
0000
0000
0000
0000
0000
0100
0000
0000
0000
0000
0000
1000
0000
0100
0000
1000
0000
,  // measure 17
0001
0000
0000
0000
1000
0000
0010
0000
1000
0001
1000
0000
0010
0000
0100
0001
,  // measure 18
0100
0000
0000
0000
0000
0000
0000
0000
0000
0000
0000
0000
0010
0000
0000
0000
0000
0000
1000
0000
0000
0000
0000
0000
0001
0000
0000
0100
0000
0000
0001
0000
0000
0000
0000
0000
0010
0000
0000
0000
0000
0000
0100
0000
1000
0000
0001
0000
,  // measure 19
1000
0000
0000
0000
0000
0000
0001
0000
0000
0100
0000
0000
0001
0000
0000
0000
0000
0000
1000
0000
0000
0001
0000
0000
1000
0000
0000
0001
0000
0000
1000
0000
0001
0000
1000
0000
0001
0000
0000
0100
0000
0000
0010
0000
0000
1000
0000
0000
,  // measure 20
0001
0000
0000
0000
0000
0000
0000
0000
0000
0000
0000
0000
1000
0000
0000
0000
0000
0000
0001
0000
0000
0000
0000
0000
1000
0000
0000
0001
0000
0000
1000
0000
0000
0000
0000
0000
0001
0000
0000
0000
0000
0000
1000
0000
0100
0000
1000
0000
,  // measure 21
0001
0000
0010
0000
0100
1000
0100
0010
,  // measure 22
0001
0000
0100
0000
0010
0000
1000
0000
0010
0000
1000
0000
0001
1000
0001
1000
,  // measure 23
0001
0000
0100
0000
0001
0000
1000
0000
0000
0000
0000
0000
0100
0000
0010
0000
0001
0000
1000
0000
0000
0000
0000
0000
0010
0000
0000
0100
0000
0000
0001
0000
0000
1000
0000
0000
0001
0000
0000
1000
0000
0000
0001
0000
0000
1000
0000
0000
,  // measure 24
0022
0000
0000
0033
1000
0100
0010
0001
1000
0100
0010
0100
2020
3030
0202
0303
,  // measure 25
0000
0000
2200
3300
0022
0033
0000
0000
1000
0010
0100
0001
1000
0100
0010
0001
,  // measure 26
1000
0000
0001
0000
1000
0000
0001
0000
0000
1000
0000
0000
0022
0000
0000
0000
0000
0000
0000
0000
0000
0033
0000
0000
1000
0000
0000
0001
0000
0000
0010
0000
0000
0001
0000
0000
2200
0000
0000
3300
0000
0000
0022
0000
0000
0000
0000
0000
,  // measure 27
0000
0000
0033
0000
2200
0000
3300
0001
0010
0000
0001
1000
0001
1000
0202
0000
,  // measure 28
0000
0000
0000
0000
0000
0000
0000
0000
0000
0303
0000
0000
1000
0000
0100
0000
1000
0000
0001
0000
0010
0000
0100
0000
0010
0000
0000
0001
0000
0000
1000
0000
0000
0010
0000
0000
2200
0000
0000
3300
0000
0000
0000
0000
0000
0022
0000
0000
,  // measure 29
0033
0000
2020
3030
0000
0202
0303
0000
1000
0001
0100
0010
2200
0000
0000
0000
,  // measure 30
0000
0000
0000
3300
0022
0000
0000
0000
1000
0000
0030
0000
1010
0000
1003
0000
,  // measure 31
0001
0000
0000
0000
0010
0000
0000
0000
0100
0000
0000
0000
1000
0100
0010
0001
,  // measure 32
2200
0000
0000
3300
0001
0010
0100
1000
0001
0010
0100
0010
0202
0303
2020
3030
,  // measure 33
0000
0000
0022
0033
2200
3300
0000
0000
0001
0100
0010
1000
0001
0010
0100
1000
,  // measure 34
0001
0000
1000
0000
0001
0000
1000
0000
0000
0001
0000
0000
2200
0000
0000
0000
0000
0000
0000
0000
0000
3300
0000
0000
0001
0000
0000
1000
0000
0000
0100
0000
0000
1000
0000
0000
0022
0000
0000
0033
0000
0000
2200
0000
0000
0000
0000
0000
,  // measure 35
0000
0000
3300
0000
0022
0000
0033
1000
0100
0000
1000
0001
1000
0001
2020
0000
,  // measure 36
0000
0000
0000
0000
0000
0000
0000
0000
0000
3030
0000
0000
0001
0000
0010
0000
0001
0000
1000
0000
0100
0000
0010
0000
0100
0000
0000
1000
0000
0000
0001
0000
0000
1000
0000
0000
0022
0000
0000
0033
0000
0000
0000
0000
0000
2200
0000
0000
,  // measure 37
3300
0000
0202
0303
0000
2020
3030
0000
0001
1000
0000
0001
1000
0010
0100
0001
,  // measure 38
1000
0100
0010
0001
0100
0010
0100
0001
1000
0010
0100
0001
0010
0001
1000
0100
,  // measure 39
0010
0000
0000
0001
0000
0000
0100
0000
0000
0001
0000
0000
1000
0000
0000
0010
0000
0000
0100
0000
0000
0001
0000
0000
0010
0000
0000
0000
0100
0000
0000
0000
1000
0000
0000
0000
0001
0000
0000
0000
0100
0000
0000
0000
0010
0000
0000
0000
,  // measure 40
1000
0100
1000
0010
0100
0001
0010
0001
1000
0100
0010
0001
1000
0010
0100
0010
,  // measure 41
1000
0100
1000
0001
0100
0001
1000
0100
0010
0100
1000
0010
0100
0001
1000
0010
,  // measure 42
1000
0100
1000
0010
0100
0001
0010
0001
1000
0010
0100
0001
1000
0100
0010
0100
,  // measure 43
1000
0010
1000
0001
0010
0001
1000
0010
0100
0010
1000
0100
0010
0001
1000
0100
,  // measure 44
1000
0010
1000
0100
0010
0001
0100
0001
1000
0010
0100
0001
1000
0100
0010
0100
,  // measure 45
1000
0010
1000
0001
0010
0001
1000
0010
0100
0010
1000
0100
0010
0001
1000
0100
,  // measure 46
1000
0010
1000
0100
0010
0001
0100
0001
1000
0100
0010
0001
1000
0010
0100
0010
,  // measure 47
1000
0100
1000
0001
0100
0001
1000
0010
0200
0000
0000
0000
0001
0000
0310
0000
,  // measure 48
0001
0100
0001
0010
0100
1000
0010
1000
0001
0100
0010
1000
0001
0010
0100
0010
,  // measure 49
0001
0100
0001
1000
0100
1000
0001
0100
0010
0100
0001
0010
0100
1000
0001
0010
,  // measure 50
0001
0100
0001
0010
0100
1000
0010
1000
0001
0010
0100
1000
0001
0100
0010
0100
,  // measure 51
0001
0010
0001
1000
0010
1000
0001
0010
0100
0010
0001
0100
0010
1000
0001
0100
,  // measure 52
0001
0000
0010
0000
0100
0000
1000
0000
0000
0001
0000
0000
0100
0000
0000
0010
0000
0000
1000
0000
0000
0001
0000
0000
1000
0000
0000
0010
0000
0000
0100
0000
0000
0001
0000
0000
1000
0000
0000
0001
0000
0000
0010
0000
0000
0100
0000
0000
,  // measure 53
1000
0000
0100
0000
0010
0000
0001
0000
0000
1000
0000
0000
0010
0000
0000
0100
0000
0000
0001
0000
0000
1000
0000
0000
0010
0000
0000
0100
0000
0000
0010
0000
0000
1000
0000
0000
0001
0000
0000
0010
0000
0000
0100
0000
0000
1000
0000
0000
,  // measure 54
0001
0100
0001
1000
0001
0010
0100
1000
0001
1000
0010
0100
0001
1000
0100
0010
0001
1000
0010
0100
0001
1000
0001
0010
,  // measure 55
0100
1000
0100
0010
0002
0000
0103
0010
,  // measure 56
2000
0000
0000
0000
3001
0100
0010
0100
0001
0010
0100
0010
0001
0100
0010
0100
,  // measure 57
0001
0010
0100
1000
0010
0100
0010
1000
0100
0010
0100
1000
0010
0100
0010
1000
,  // measure 58
0100
0010
0001
1000
0001
0100
0001
1000
0100
1000
0001
0100
0001
1000
0100
0010
,  // measure 59
0001
1000
0010
0100
0001
1000
0001
0010
0100
1000
0010
0100
0001
0010
0001
0100
,  // measure 60
0020
0000
0000
0030
1000
0010
0100
0010
1000
0100
0010
0100
1000
0010
0100
0010
,  // measure 61
1000
0100
0010
0001
0100
0010
0100
0001
0010
0100
0010
0001
0100
0010
0100
0001
,  // measure 62
1000
0000
0001
0100
0000
0010
1000
0000
0001
0000
0010
0100
0000
1000
0001
0000
,  // measure 63
0100
0000
0010
1000
0000
0001
0010
0000
0100
1000
0000
0001
1000
0000
0000
0000
,  // measure 64
0001
0000
0100
0000
0010
1000
0000
0001
1000
0000
0001
0000
0010
0000
0000
0000
,  // measure 65
0100
0000
1000
0000
0100
0010
0000
0001
1000
0000
0001
0000
0100
0000
0000
0000
,  // measure 66
0010
0000
1000
0000
0001
0100
0000
0010
1000
0000
0001
0000
1000
0000
0000
0000
,  // measure 67
0100
0000
0010
0000
0001
1000
0000
0001
0010
0000
0100
0000
1000
0010
0100
0000
,  // measure 68
0001
0000
0010
0000
0100
1000
0000
0001
1000
0000
0001
0000
0100
0000
0000
0000
,  // measure 69
0010
0000
1000
0000
0010
0100
0000
0001
1000
0000
0001
0000
0010
0000
0000
0000
,  // measure 70
0100
0000
1000
0000
0001
0010
0000
0100
1000
0000
0001
0000
1000
0000
0000
0000
,  // measure 71
0010
0000
0100
0000
0001
1000
0001
0100
0010
0000
1000
0000
0100
0000
0010
0000
,  // measure 72
0002
0000
0000
0003
0000
0000
0000
0000
0200
0000
0000
0000
0300
0000
0000
0000
0020
0000
0000
0000
0000
0030
0000
0000
2000
0000
0000
0000
0000
0000
3000
0000
0002
0000
0000
0000
0000
0000
0000
0003
0000
0000
0000
0000
0000
0000
0000
0000
0010
0000
0000
0000
0000
0000
0000
0000
0100
0000
0000
0000
0000
0000
0000
0000
,  // measure 73
1000
0000
0001
0000
1000
0100
0010
0100
,  // measure 74
1000
0010
0100
0001
0010
0000
0001
1000
,  // measure 75
0010
0000
0000
0000
0000
0000
0000
0000
0100
0000
0000
0000
0000
0000
0000
0000
0001
0000
0000
0000
0000
0000
0000
0000
1000
0000
0000
0000
0000
0000
0000
0000
0001
0000
0000
0000
0000
0000
0000
0000
0010
0000
0000
0000
0000
0000
0000
0000
0200
0300
0000
0000
0000
0000
0000
0000
2000
0000
3000
0000
0000
0000
0000
0000
,  // measure 76
0002
0000
0000
0003
0000
0000
0000
0000
0020
0000
0000
0000
0030
0000
0000
0000
0200
0000
0000
0000
0000
0300
0000
0000
2000
0000
0000
0000
0000
0000
3000
0000
0020
0000
0000
0000
0000
0000
0000
0030
0000
0000
0000
0000
0000
0000
0000
0000
0100
0000
0000
0000
0000
0000
0000
0000
0001
0000
0000
0000
0000
0000
0000
0000
,  // measure 77
0010
0000
0100
0000
1000
0100
1000
0010
,  // measure 78
0100
0010
1000
0001
0010
0000
0100
1000
,  // measure 79
0001
0000
0000
1000
0000
0000
0010
0100
0001
1000
0100
0010
,  // measure 80
0001
0000
0000
0000
0000
0000
0000
0000
0000
0000
0000
0000
0010
0000
0000
0000
0000
0000
0100
0000
0000
0000
0000
0000
1000
0000
0000
0001
0000
0000
1000
0000
0000
0000
0000
0000
0100
0000
0000
0000
0000
0000
1000
0000
0100
0000
1000
0000
,  // measure 81
0001
0000
0000
0000
1000
0000
0100
0000
1000
0001
1000
0000
0100
0000
0010
0001
,  // measure 82
0010
0000
0000
0000
0000
0000
0000
0000
0000
0000
0000
0000
0100
0000
0000
0000
0000
0000
1000
0000
0000
0000
0000
0000
0001
0000
0000
0010
0000
0000
0001
0000
0000
0000
0000
0000
0100
0000
0000
0000
0000
0000
0010
0000
1000
0000
0001
0000
,  // measure 83
1000
0000
0000
0000
0000
0000
0001
0000
0000
0010
0000
0000
0001
0000
0000
0000
0000
0000
1000
0000
0000
0001
0000
0000
1000
0000
0000
0001
0000
0000
1000
0000
0001
0000
1000
0000
0001
0000
0000
0010
0000
0000
0100
0000
0000
1000
0000
0000
,  // measure 84
0001
0000
0000
0000
0000
0000
0000
0000
0000
0000
0000
0000
1000
0000
0000
0000
0000
0000
0001
0000
0000
0000
0000
0000
1000
0000
0000
0001
0000
0000
1000
0000
0000
0000
0000
0000
0001
0000
0000
0000
0000
0000
1000
0000
0010
0000
1000
0000
,  // measure 85
0001
0000
0100
0000
0010
1000
0010
0100
,  // measure 86
0001
0000
0010
0000
0100
0000
1000
0000
0100
0000
1000
0000
0001
1000
0001
1000
,  // measure 87
0001
0000
0010
0000
0001
0000
1000
0000
0000
0000
0000
0000
0010
0000
0100
0000
0001
0000
1000
0000
0000
0000
0000
0000
0100
0000
0000
0010
0000
0000
0001
0000
0000
1000
0000
0000
0001
0000
0000
1000
0000
0000
0001
0000
0000
1000
0000
0000
,  // measure 88
0010
0100
0001
1000
0100
0010
0001
1000
0010
0100
0001
0010
0202
0303
2020
3030
,  // measure 89
0000
0000
0022
0033
2200
3300
0000
0000
0001
0100
0010
1000
0001
0010
0100
1000
,  // measure 90
0001
0000
1000
0000
0001
0000
1000
0000
0000
0001
0000
0000
2200
0000
0000
0000
0000
0000
0000
0000
0000
3300
0000
0000
0001
0000
0000
1000
0000
0000
0100
0000
0000
1000
0000
0000
0022
0000
0000
0033
0000
0000
2200
0000
0000
0000
0000
0000
,  // measure 91
0000
0000
3300
0000
0022
0000
0033
1000
0100
0000
1000
0001
1000
0001
2020
0000
,  // measure 92
0000
0000
0000
0000
0000
0000
0000
0000
0000
3030
0000
0000
0001
0000
0010
0000
0001
0000
1000
0000
0100
0000
0010
0000
0100
0000
0000
1000
0000
0000
0001
0000
0000
0100
0000
0000
0022
0000
0000
0033
0000
0000
0000
0000
0000
2200
0000
0000
,  // measure 93
3300
0000
0202
0303
0000
2020
3030
0000
0001
1000
0010
0100
0022
0000
0000
0000
,  // measure 94
0000
0000
0000
0033
2200
0000
0000
0000
0001
0000
0300
0000
0101
0000
3001
0000
,  // measure 95
1000
0000
0000
0000
0100
0000
0000
0000
0010
0000
0000
0000
0001
0010
0100
1000
,  // measure 96
0022
0000
0000
0033
1000
0100
0010
0001
1000
0100
0010
0100
2020
3030
0202
0303
,  // measure 97
0000
0000
2200
3300
0022
0033
0000
0000
1000
0010
0100
0001
1000
0100
0010
0001
,  // measure 98
1000
0000
0001
0000
1000
0000
0001
0000
0000
1000
0000
0000
0022
0000
0000
0000
0000
0000
0000
0000
0000
0033
0000
0000
1000
0000
0000
0001
0000
0000
0010
0000
0000
0001
0000
0000
2200
0000
0000
3300
0000
0000
0022
0000
0000
0000
0000
0000
,  // measure 99
0000
0000
0033
0000
2200
0000
3300
0001
0010
0000
0001
1000
0001
1000
0202
0000
,  // measure 100
0000
0000
0000
0000
0000
0000
0000
0000
0000
0303
0000
0000
1000
0000
0100
0000
1000
0000
0001
0000
0010
0000
0100
0000
0010
0000
0000
0001
0000
0000
1000
0000
0000
0001
0000
0000
2200
0000
0000
3300
0000
0000
0000
0000
0000
0022
0000
0000
,  // measure 101
0033
0000
0000
0000
0000
0000
2020
0000
0000
3030
0000
0000
0000
0000
0000
0202
0000
0000
0303
0000
0000
0000
0000
0000
1000
0000
0000
0000
0100
0000
0000
0000
1000
0000
0000
0000
0010
0000
0000
0000
0100
0000
0000
0000
0001
0000
0000
0000
,  // measure 102
0010
0001
1000
0100
1000
0010
0100
0010
1000
0010
0100
0001
,  // measure 103
0010
0100
1000
0001
0100
0000
0010
0000
,  // measure 104
1000
0010
1000
0100
0010
0001
0100
0001
1000
0010
0100
0001
1000
0100
0010
0100
,  // measure 105
1000
0010
1000
0001
0010
0001
1000
0010
0100
0010
1000
0100
0010
0001
1000
0100
,  // measure 106
1000
0010
1000
0100
0010
0001
0100
0001
1000
0100
0010
0001
1000
0010
0100
0010
,  // measure 107
1000
0100
1000
0001
0100
0001
1000
0100
0010
0100
1000
0010
0100
0001
1000
0010
,  // measure 108
1000
0100
1000
0010
0100
0001
0010
0001
1000
0100
0010
0001
1000
0010
0100
0010
,  // measure 109
1000
0100
1000
0001
0100
0001
1000
0100
0010
0100
1000
0010
0100
0001
1000
0010
,  // measure 110
1000
0100
1000
0010
0100
0001
0010
0001
1000
0010
0100
0001
1000
0100
0010
0100
,  // measure 111
1000
0010
1000
0001
0010
0001
1000
0100
0020
0000
0000
0000
0001
0000
0130
0000
,  // measure 112
0001
0010
0001
0100
0010
1000
0100
1000
0001
0010
0100
1000
0001
0100
0010
0100
,  // measure 113
0001
0010
0001
1000
0010
1000
0001
0010
0100
0010
0001
0100
0010
1000
0001
0100
,  // measure 114
0001
0010
0001
0100
0010
1000
0100
1000
0001
0100
0010
1000
0001
0010
0100
0010
,  // measure 115
0001
0100
0001
1000
0100
1000
0001
0100
0010
0100
0001
0010
0100
1000
0001
0010
,  // measure 116
0001
0000
0100
0000
0010
0000
1000
0000
0000
0001
0000
0000
0010
0000
0000
0100
0000
0000
1000
0000
0000
0001
0000
0000
1000
0000
0000
0100
0000
0000
0010
0000
0000
0001
0000
0000
1000
0000
0000
0001
0000
0000
0100
0000
0000
0010
0000
0000
,  // measure 117
1000
0000
0010
0000
0100
0000
0001
0000
0000
1000
0000
0000
0100
0000
0000
0010
0000
0000
0001
0000
0000
1000
0000
0000
0100
0000
0000
0010
0000
0000
0100
0000
0000
1000
0000
0000
0001
0000
0000
0100
0000
0000
0010
0000
0000
1000
0000
0000
,  // measure 118
0001
0010
0001
1000
0001
0100
0010
1000
0001
1000
0100
0010
0001
1000
0010
0100
0001
1000
0100
0010
0001
1000
0001
0100
,  // measure 119
0010
1000
0100
0010
0002
0000
0103
0010
,  // measure 120
1000
0010
0100
0001
1000
0010
0100
0001
1000
0100
0010
0100
1000
0010
0100
0001
,  // measure 121
0010
0100
1000
0001
0010
0100
1000
0001
0100
0010
0100
0001
0010
0100
1000
0010
,  // measure 122
0100
0010
1000
0001
0010
0100
0010
0001
0100
0010
1000
0100
1000
0010
0100
0001
,  // measure 123
0010
0001
0100
0010
1000
0001
0100
0010
1000
0001
0010
0100
1000
0010
0100
0001
,  // measure 124
0010
0100
1000
0001
0010
0100
1000
0001
0100
0010
0100
0001
0010
0100
1000
0001
,  // measure 125
1000
0010
0100
0001
1000
0010
0100
0001
1000
0100
0010
0100
1000
0010
0100
0001
,  // measure 126
0010
0001
0100
0010
1000
0100
0010
0001
0100
0001
0010
0100
1000
0010
0100
0001
,  // measure 127
1000
0000
0010
0100
0000
0001
0010
0000
0100
0000
1000
0001
0000
0100
0010
1000
,  // measure 128
0100
0010
0000
0100
1000
0001
0010
0100
1000
0001
0010
0100
1000
0010
0100
0010
,  // measure 129
1000
0001
0100
0001
1000
0010
0100
0001
1000
0010
0100
0001
0010
0001
1000
0100
,  // measure 130
0010
0100
1000
0010
0100
0010
1000
0001
0100
0010
1000
0001
0010
0100
0010
0001
,  // measure 131
0100
0010
0100
0001
1000
0010
0100
0001
0010
0001
1000
0100
1000
0001
0100
0010
,  // measure 132
1000
0001
0010
0100
1000
0001
0010
0100
1000
0010
0100
0010
1000
0001
0100
0001
,  // measure 133
1000
0010
0100
0001
1000
0010
0100
0001
0010
0001
1000
0100
0010
0100
1000
0010
,  // measure 134
0100
0010
1000
0001
0100
0010
1000
0001
0010
0100
0010
0001
0100
0010
0100
0001
,  // measure 135
1000
0010
0100
0001
0010
0001
1000
0100
2000
0000
0000
3000
0010
0000
0100
0000
,  // measure 136
0001
0010
0001
0100
0010
1000
0100
1000
0001
0010
0100
1000
0001
0100
0010
0100
,  // measure 137
0001
0010
0001
1000
0010
1000
0001
0010
0100
0010
0001
0100
0010
1000
0001
0100
,  // measure 138
0001
0010
0001
0100
0010
1000
0100
1000
0001
0100
0010
1000
0001
0010
0100
0010
,  // measure 139
0001
0100
0001
1000
0100
1000
0001
0100
0010
0100
0001
0010
0100
1000
0001
0010
,  // measure 140
0001
0000
0100
0000
0010
0000
1000
0000
0000
0001
0000
0000
0010
0000
0000
0100
0000
0000
1000
0000
0000
0001
0000
0000
1000
0000
0000
0100
0000
0000
0010
0000
0000
0001
0000
0000
1000
0000
0000
0001
0000
0000
0100
0000
0000
0010
0000
0000
,  // measure 141
1000
0000
0010
0000
0100
0000
0001
0000
0000
1000
0000
0000
0100
0000
0000
0010
0000
0000
0001
0000
0000
1000
0000
0000
0100
0000
0000
0010
0000
0000
0100
0000
0000
1000
0000
0000
0001
0000
0000
0100
0000
0000
0010
0000
0000
1000
0000
0000
,  // measure 142
0001
0100
0001
1000
0001
0010
0100
1000
0001
1000
0010
0100
0001
1000
0100
0010
0001
1000
0010
0100
0001
1000
0001
0010
,  // measure 143
0100
1000
0010
0100
0002
0000
0013
0010
,  // measure 144
2002
0000
0000
3003
0000
0000
0000
0000
0000
0000
0000
0000
0000
0000
0000
0000
;
