BPMS:
0:123,
580:129,
743:92,
975:198,
2461:95,
3599:198,
6199:95,
10286:198,
10657:95,
12631:184,
START_TIME:
12631
NOTES:
0001
0000
0000
1000
0100
0010
0000
0001
0001
0001
0000
0000
0001
0001
0000
0100
,
0000
1000
0000
0010
0000
0010
0000
0001
0000
0100
0000
0010
0000
0100
0000
0001
,
0000
0010
0010
0000
0100
0100
0000
0001
0000
1000
0100
0010
0010
0100
0010
1000
,
0000
0001
0001
0000
0000
1000
0000
0000
0000
0000
0000
0001
0000
0000
0000
0010
,
0010
1000
0001
0010
0001
0001
0010
0010
0100
0100
0100
0000
0000
1000
0100
0010
,
0001
0010
0010
0100
0001
0100
0100
1000
0010
1000
1000
0000
0000
0010
0000
0010
,
0000
0001
0100
0010
0010
0001
0001
0000
0000
0000
0000
0000
0000
0000
0000
0000
,
